000001
  [1] 1379  [2] 1378  [3] 1377  [4] 1376  [5] 1375
  [1] 788718  [2] 949600  [3] 282300  [4] 4000  [5] 40000
002030
  [1] 3810  [2] 3803  [3] 3802  [4] 3801  [5] 3800
  [1] 1300  [2] 200  [3] 2000  [4] 3100  [5] 2900
002533
  [1] 880  [2] 879  [3] 878  [4] 877  [5] 872
  [1] 66880  [2] 2100  [3] 1200  [4] 300  [5] 4800
300307
  [1] 1097  [2] 1094  [3] 1092  [4] 1091  [5] 1090
  [1] 1700  [2] 1800  [3] 500  [4] 2400  [5] 8700
600503
  [1] 1097  [2] 1094  [3] 1092  [4] 1091  [5] 1090
  [1] 1700  [2] 1800  [3] 500  [4] 2400  [5] 8700
601866
  [1] 436  [2] 435  [3] 434  [4] 433  [5] 432
  [1] 235200  [2] 305200  [3] 75500  [4] 123900  [5] 99000
000001
  [1] 1379  [2] 1378  [3] 1377  [4] 1376  [5] 1375
  [1] 788718  [2] 949600  [3] 282300  [4] 4000  [5] 40000
002030
  [1] 3810  [2] 3803  [3] 3802  [4] 3801  [5] 3800
  [1] 1300  [2] 200  [3] 2000  [4] 3100  [5] 2900
002533
  [1] 880  [2] 879  [3] 878  [4] 877  [5] 872
  [1] 66880  [2] 2100  [3] 1200  [4] 300  [5] 4800
300307
  [1] 1097  [2] 1094  [3] 1092  [4] 1091  [5] 1090
  [1] 1700  [2] 1800  [3] 500  [4] 2400  [5] 8700
600503
  [1] 1097  [2] 1094  [3] 1092  [4] 1091  [5] 1090
  [1] 1700  [2] 1800  [3] 500  [4] 2400  [5] 8700
601866
  [1] 436  [2] 435  [3] 434  [4] 433  [5] 432
  [1] 235200  [2] 305200  [3] 75500  [4] 123900  [5] 99000
000001
  [1] 1379  [2] 1378  [3] 1377  [4] 1376  [5] 1375
  [1] 788718  [2] 949600  [3] 282300  [4] 4000  [5] 40000
002030
  [1] 3810  [2] 3803  [3] 3802  [4] 3801  [5] 3800
  [1] 1300  [2] 200  [3] 2000  [4] 3100  [5] 2900
002533
  [1] 880  [2] 879  [3] 878  [4] 877  [5] 872
  [1] 66880  [2] 2100  [3] 1200  [4] 300  [5] 4800
300307
  [1] 1097  [2] 1094  [3] 1092  [4] 1091  [5] 1090
  [1] 1700  [2] 1800  [3] 500  [4] 2400  [5] 8700
600503
  [1] 1097  [2] 1094  [3] 1092  [4] 1091  [5] 1090
  [1] 1700  [2] 1800  [3] 500  [4] 2400  [5] 8700
601866
  [1] 436  [2] 435  [3] 434  [4] 433  [5] 432
  [1] 235200  [2] 305200  [3] 75500  [4] 123900  [5] 99000
000001
  [1] 1379  [2] 1378  [3] 1377  [4] 1376  [5] 1375
  [1] 788718  [2] 949600  [3] 282300  [4] 4000  [5] 40000
002030
  [1] 3810  [2] 3803  [3] 3802  [4] 3801  [5] 3800
  [1] 1300  [2] 200  [3] 2000  [4] 3100  [5] 2900
002533
  [1] 880  [2] 879  [3] 878  [4] 877  [5] 872
  [1] 66880  [2] 2100  [3] 1200  [4] 300  [5] 4800
300307
  [1] 1097  [2] 1094  [3] 1092  [4] 1091  [5] 1090
  [1] 1700  [2] 1800  [3] 500  [4] 2400  [5] 8700
600503
  [1] 1097  [2] 1094  [3] 1092  [4] 1091  [5] 1090
  [1] 1700  [2] 1800  [3] 500  [4] 2400  [5] 8700
601866
  [1] 436  [2] 435  [3] 434  [4] 433  [5] 432
  [1] 235200  [2] 305200  [3] 75500  [4] 123900  [5] 99000
000001
  [1] 1379  [2] 1378  [3] 1377  [4] 1376  [5] 1375
  [1] 788718  [2] 949600  [3] 282300  [4] 4000  [5] 40000
002030
  [1] 3810  [2] 3803  [3] 3802  [4] 3801  [5] 3800
  [1] 1300  [2] 200  [3] 2000  [4] 3100  [5] 2900
002533
  [1] 880  [2] 879  [3] 878  [4] 877  [5] 872
  [1] 66880  [2] 2100  [3] 1200  [4] 300  [5] 4800
300307
  [1] 1097  [2] 1094  [3] 1092  [4] 1091  [5] 1090
  [1] 1700  [2] 1800  [3] 500  [4] 2400  [5] 8700
600503
  [1] 1097  [2] 1094  [3] 1092  [4] 1091  [5] 1090
  [1] 1700  [2] 1800  [3] 500  [4] 2400  [5] 8700
601866
  [1] 436  [2] 435  [3] 434  [4] 433  [5] 432
  [1] 235200  [2] 305200  [3] 75500  [4] 123900  [5] 99000
000001
  [1] 1420  [2] 1419  [3] 1418  [4] 1417  [5] 1416
  [1] 224929  [2] 140000  [3] 19000  [4] 1300  [5] 10500
002030
  [1] 3719  [2] 3701  [3] 3700  [4] 3699  [5] 3698
  [1] 500  [2] 800  [3] 5500  [4] 500  [5] 100
002533
  [1] 877  [2] 872  [3] 871  [4] 870  [5] 865
  [1] 1000  [2] 1000  [3] 1000  [4] 300  [5] 1300
300307
  [1] 1099  [2] 1093  [3] 1092  [4] 1090  [5] 1086
  [1] 3000  [2] 3200  [3] 37600  [4] 2400  [5] 300
600503
  [1] 1099  [2] 1093  [3] 1092  [4] 1090  [5] 1086
  [1] 3000  [2] 3200  [3] 37600  [4] 2400  [5] 300
601866
  [1] 439  [2] 438  [3] 437  [4] 436  [5] 435
  [1] 38500  [2] 34700  [3] 16500  [4] 61800  [5] 249600
000001
  [1] 1420  [2] 1419  [3] 1418  [4] 1417  [5] 1416
  [1] 224929  [2] 140000  [3] 19000  [4] 1300  [5] 10500
002030
  [1] 3719  [2] 3701  [3] 3700  [4] 3699  [5] 3698
  [1] 500  [2] 800  [3] 5500  [4] 500  [5] 100
002533
  [1] 877  [2] 872  [3] 871  [4] 870  [5] 865
  [1] 1000  [2] 1000  [3] 1000  [4] 300  [5] 1300
300307
  [1] 1099  [2] 1093  [3] 1092  [4] 1090  [5] 1086
  [1] 3000  [2] 3200  [3] 37600  [4] 2400  [5] 300
600503
  [1] 1099  [2] 1093  [3] 1092  [4] 1090  [5] 1086
  [1] 3000  [2] 3200  [3] 37600  [4] 2400  [5] 300
601866
  [1] 439  [2] 438  [3] 437  [4] 436  [5] 435
  [1] 38500  [2] 34700  [3] 16500  [4] 61800  [5] 249600
000001
  [1] 1420  [2] 1419  [3] 1418  [4] 1417  [5] 1416
  [1] 224929  [2] 140000  [3] 19000  [4] 1300  [5] 10500
002030
  [1] 3719  [2] 3701  [3] 3700  [4] 3699  [5] 3698
  [1] 500  [2] 800  [3] 5500  [4] 500  [5] 100
002533
  [1] 877  [2] 872  [3] 871  [4] 870  [5] 865
  [1] 1000  [2] 1000  [3] 1000  [4] 300  [5] 1300
300307
  [1] 1099  [2] 1093  [3] 1092  [4] 1090  [5] 1086
  [1] 3000  [2] 3200  [3] 37600  [4] 2400  [5] 300
600503
  [1] 1099  [2] 1093  [3] 1092  [4] 1090  [5] 1086
  [1] 3000  [2] 3200  [3] 37600  [4] 2400  [5] 300
601866
  [1] 439  [2] 438  [3] 437  [4] 436  [5] 435
  [1] 38500  [2] 34700  [3] 16500  [4] 61800  [5] 249600
000001
  [1] 1420  [2] 1419  [3] 1418  [4] 1417  [5] 1416
  [1] 224929  [2] 140000  [3] 19000  [4] 1300  [5] 10500
002030
  [1] 3719  [2] 3701  [3] 3700  [4] 3699  [5] 3698
  [1] 500  [2] 800  [3] 5500  [4] 500  [5] 100
002533
  [1] 877  [2] 872  [3] 871  [4] 870  [5] 865
  [1] 1000  [2] 1000  [3] 1000  [4] 300  [5] 1300
300307
  [1] 1099  [2] 1093  [3] 1092  [4] 1090  [5] 1086
  [1] 3000  [2] 3200  [3] 37600  [4] 2400  [5] 300
600503
  [1] 1099  [2] 1093  [3] 1092  [4] 1090  [5] 1086
  [1] 3000  [2] 3200  [3] 37600  [4] 2400  [5] 300
601866
  [1] 439  [2] 438  [3] 437  [4] 436  [5] 435
  [1] 38500  [2] 34700  [3] 16500  [4] 61800  [5] 249600
000001
  [1] 1420  [2] 1419  [3] 1418  [4] 1417  [5] 1416
  [1] 224929  [2] 140000  [3] 19000  [4] 1300  [5] 10500
002030
  [1] 3719  [2] 3701  [3] 3700  [4] 3699  [5] 3698
  [1] 500  [2] 800  [3] 5500  [4] 500  [5] 100
002533
  [1] 877  [2] 872  [3] 871  [4] 870  [5] 865
  [1] 1000  [2] 1000  [3] 1000  [4] 300  [5] 1300
300307
  [1] 1099  [2] 1093  [3] 1092  [4] 1090  [5] 1086
  [1] 3000  [2] 3200  [3] 37600  [4] 2400  [5] 300
600503
  [1] 1099  [2] 1093  [3] 1092  [4] 1090  [5] 1086
  [1] 3000  [2] 3200  [3] 37600  [4] 2400  [5] 300
601866
  [1] 439  [2] 438  [3] 437  [4] 436  [5] 435
  [1] 38500  [2] 34700  [3] 16500  [4] 61800  [5] 249600
