2015-03-04 22:03:25
000155
000662
000963
002137
002338
002402
002568
002666
300140
300150
300196
300236
300266
300270
600149
600621
600689
600876
2015-03-05 09:25:30
000017
000055
000065
000089
000156
000333
000408
000498
000501
000503
000504
000505
000509
000521
000524
000528
000531
000537
000543
000545
000548
000550
000555
000557
000558
000567
000582
000595
000612
000620
000622
000625
000627
000630
000635
000662
000673
000679
000681
000695
000700
000708
000710
000716
000729
000736
000753
000759
000762
000779
000785
000811
000819
000822
000826
000831
000836
000838
000852
000859
000862
000877
000880
000881
000887
000903
000906
000908
000918
000921
000922
000927
000935
000950
000951
000953
000955
000965
000975
000993
001896
002002
002004
002017
002030
002045
002055
002058
002061
002064
002077
002079
002080
002082
002087
002089
002091
002106
002109
002112
002117
002124
002134
002138
002144
002147
002160
002161
002164
002166
002172
002179
002189
002191
002192
002194
002201
002205
002210
002212
002214
002215
002222
002224
002233
002239
002247
002251
002252
002260
002262
002266
002267
002272
002273
002274
002276
002290
002291
002301
002333
002335
002342
002348
002356
002363
002365
002366
002367
002373
002374
002381
002384
002397
002405
002412
002413
002419
002425
002427
002433
002445
002451
002453
002454
002458
002462
002472
002478
002479
002484
002514
002530
002533
002542
002543
002544
002546
002552
002553
002557
002565
002575
002577
002578
002584
002592
002599
002607
002614
002615
002618
002627
002632
002644
002648
002652
002665
002667
002670
002682
002685
002702
002708
002729
300006
300012
300016
300020
300032
300037
300038
300039
300041
300050
300053
300064
300065
300075
300083
300084
300100
300108
300112
300114
300120
300121
300122
300127
300132
300138
300143
300147
300153
300156
300160
300162
300173
300176
300183
300189
300199
300207
300209
300212
300216
300220
300221
300230
300232
300238
300242
300244
300245
300248
300256
300278
300285
300296
300300
300301
300304
300306
300308
300312
300318
300320
300328
300335
300338
300344
300346
300353
300358
300360
300372
300380
300391
300395
600010
600019
600053
600061
600062
600066
600094
600099
600106
600133
600136
600145
600146
600148
600149
600152
600160
600167
600176
600178
600184
600188
600193
600218
600225
600231
600242
600257
600262
600265
600292
600301
600305
600306
600319
600327
600328
600333
600335
600346
600353
600355
600356
600379
600383
600387
600390
600409
600435
600478
600479
600485
600515
600517
600540
600549
600576
600581
600582
600589
600603
600615
600624
600626
600686
600689
600693
600702
600731
600740
600748
600758
600764
600768
600774
600796
600822
600838
600841
600844
600851
600857
600872
600882
600891
600967
600973
600976
600984
601111
601169
601199
601222
601789
601888
601965
603002
603126
603399
603555
2015-03-05 09:26:01
000017
000055
000065
000089
000156
000333
000501
000504
000505
000509
000521
000557
000582
000620
000625
000630
000635
000662
000673
000679
000681
000695
000700
000708
000710
000716
000729
000736
000753
000779
000785
000811
000819
000822
000831
000838
000859
000877
000880
000881
000887
000906
000908
000921
000927
000953
000955
000975
002017
002058
002064
002080
002082
002087
002089
002106
002109
002112
002124
002138
002161
002179
002192
002201
002205
002212
002214
002215
002222
002224
002239
002247
002252
002262
002266
002267
002272
002273
002274
002276
002290
002301
002333
002342
002348
002356
002363
002366
002367
002373
002381
002384
002397
002412
002413
002427
002433
002445
002451
002453
002454
002462
002478
002479
002484
002530
002542
002543
002544
002546
002552
002553
002557
002577
002578
002584
002592
002599
002607
002615
002618
002627
002632
002644
002648
002652
002665
002670
002682
002702
002708
002729
300006
300012
300016
300020
300032
300037
300039
300041
300050
300064
300065
300075
300083
300084
300100
300112
300114
300121
300122
300127
300132
300138
300143
300153
300156
300160
300162
300173
300176
300183
300189
300199
300207
300209
300212
300216
300221
300230
300232
300238
300242
300244
300245
300256
300278
300285
300296
300300
300301
300304
300306
300308
300312
300318
300320
300328
300335
300344
300346
300353
300358
300360
300372
300380
300391
300395
600010
600019
600053
600061
600062
600066
600094
600099
600106
600133
600136
600145
600146
600148
600149
600152
600167
600176
600178
600184
600188
600193
600225
600242
600257
600262
600265
600292
600301
600305
600306
600319
600327
600328
600333
600335
600346
600353
600355
600356
600379
600383
600387
600390
600409
600435
600478
600479
600485
600515
600517
600540
600549
600576
600581
600582
600589
600603
600615
600624
600626
600686
600689
600693
600702
600731
600740
600748
600758
600764
600768
600774
600796
600822
600838
600841
600844
600851
600857
600872
600882
600891
600967
600973
600976
600984
601111
601169
601199
601222
601789
601888
601965
603002
603126
603399
603555
2015-03-05 09:26:31
000017
000055
000065
000089
000156
000333
000501
000504
000505
000509
000521
000557
000582
000620
000625
000630
000635
000662
000673
000679
000681
000695
000700
000708
000710
000716
000729
000736
000753
000779
000785
000811
000819
000822
000831
000838
000859
000877
000880
000881
000887
000906
000908
000921
000927
000953
000955
000975
002017
002058
002064
002080
002082
002087
002089
002106
002109
002112
002124
002138
002161
002179
002192
002201
002205
002212
002214
002215
002222
002224
002239
002247
002252
002262
002266
002267
002272
002273
002274
002276
002290
002301
002333
002342
002348
002356
002363
002366
002367
002373
002381
002384
002397
002412
002413
002427
002433
002445
002451
002453
002454
002462
002478
002479
002484
002530
002542
002543
002544
002546
002552
002553
002557
002577
002578
002584
002592
002599
002607
002615
002618
002627
002632
002644
002648
002652
002665
002670
002682
002702
002708
002729
300006
300012
300016
300020
300032
300037
300039
300041
300050
300064
300065
300075
300083
300084
300100
300112
300114
300121
300122
300127
300132
300138
300143
300153
300156
300160
300162
300173
300176
300183
300189
300199
300207
300209
300212
300216
300221
300230
300232
300238
300242
300244
300245
300256
300278
300285
300296
300300
300301
300304
300306
300308
300312
300318
300320
300328
300335
300344
300346
300353
300358
300360
300372
300380
300391
300395
600010
600019
600053
600061
600062
600066
600094
600099
600106
600133
600136
600145
600146
600148
600149
600152
600167
600176
600178
600184
600188
600193
600225
600242
600257
600262
600265
600292
600301
600305
600306
600319
600327
600328
600333
600335
600346
600353
600355
600356
600379
600383
600387
600390
600409
600435
600478
600479
600485
600515
600517
600540
600549
600576
600581
600582
600589
600603
600615
600624
600626
600686
600689
600693
600702
600731
600740
600748
600758
600764
600768
600774
600796
600822
600838
600841
600844
600851
600857
600872
600882
600891
600967
600973
600976
600984
601111
601169
601199
601222
601789
601888
601965
603002
603126
603399
603555
2015-03-05 09:27:02
000017
000055
000065
000089
000156
000333
000501
000504
000505
000509
000521
000557
000582
000620
000625
000630
000635
000662
000673
000679
000681
000695
000700
000708
000710
000716
000729
000736
000753
000779
000785
000811
000819
000822
000831
000838
000859
000877
000880
000881
000887
000906
000908
000921
000927
000953
000955
000975
002017
002058
002064
002080
002082
002087
002089
002106
002109
002112
002124
002138
002161
002179
002192
002201
002205
002212
002214
002215
002222
002224
002239
002247
002252
002262
002266
002267
002272
002273
002274
002276
002290
002301
002333
002342
002348
002356
002363
002366
002367
002373
002381
002384
002397
002412
002413
002427
002433
002445
002451
002453
002454
002462
002478
002479
002484
002530
002542
002543
002544
002546
002552
002553
002557
002577
002578
002584
002592
002599
002607
002615
002618
002627
002632
002644
002648
002652
002665
002670
002682
002702
002708
002729
300006
300012
300016
300020
300032
300037
300039
300041
300050
300064
300065
300075
300083
300084
300100
300112
300114
300121
300122
300127
300132
300138
300143
300153
300156
300160
300162
300173
300176
300183
300189
300199
300207
300209
300212
300216
300221
300230
300232
300238
300242
300244
300245
300256
300278
300285
300296
300300
300301
300304
300306
300308
300312
300318
300320
300328
300335
300344
300346
300353
300358
300360
300372
300380
300391
300395
600010
600019
600053
600061
600062
600066
600094
600099
600106
600133
600136
600145
600146
600148
600149
600152
600167
600176
600178
600184
600188
600193
600225
600242
600257
600262
600265
600292
600301
600305
600306
600319
600327
600328
600333
600335
600346
600353
600355
600356
600379
600383
600387
600390
600409
600435
600478
600479
600485
600515
600517
600540
600549
600576
600581
600582
600589
600603
600615
600624
600626
600686
600689
600693
600702
600731
600740
600748
600758
600764
600768
600774
600796
600822
600838
600841
600844
600851
600857
600872
600882
600891
600967
600973
600976
600984
601111
601169
601199
601222
601789
601888
601965
603002
603126
603399
603555
2015-03-05 09:27:33
000017
000055
000065
000089
000156
000333
000501
000504
000505
000509
000521
000557
000582
000620
000625
000630
000635
000662
000673
000679
000681
000695
000700
000708
000710
000716
000729
000736
000753
000779
000785
000811
000819
000822
000831
000838
000859
000877
000880
000881
000887
000906
000908
000921
000927
000953
000955
000975
002017
002058
002064
002080
002082
002087
002089
002106
002109
002112
002124
002138
002161
002179
002192
002201
002205
002212
002214
002215
002222
002224
002239
002247
002252
002262
002266
002267
002272
002273
002274
002276
002290
002301
002333
002342
002348
002356
002363
002366
002367
002373
002381
002384
002397
002412
002413
002427
002433
002445
002451
002453
002454
002462
002478
002479
002484
002530
002542
002543
002544
002546
002552
002553
002557
002577
002578
002584
002592
002599
002607
002615
002618
002627
002632
002644
002648
002652
002665
002670
002682
002702
002708
002729
300006
300012
300016
300020
300032
300037
300039
300041
300050
300064
300065
300075
300083
300084
300100
300112
300114
300121
300122
300127
300132
300138
300143
300153
300156
300160
300162
300173
300176
300183
300189
300199
300207
300209
300212
300216
300221
300230
300232
300238
300242
300244
300245
300256
300278
300285
300296
300300
300301
300304
300306
300308
300312
300318
300320
300328
300335
300344
300346
300353
300358
300360
300372
300380
300391
300395
600010
600019
600053
600061
600062
600066
600094
600099
600106
600133
600136
600145
600146
600148
600149
600152
600167
600176
600178
600184
600188
600193
600225
600242
600257
600262
600265
600292
600301
600305
600306
600319
600327
600328
600333
600335
600346
600353
600355
600356
600379
600383
600387
600390
600409
600435
600478
600479
600485
600515
600517
600540
600549
600576
600581
600582
600589
600603
600615
600624
600626
600686
600689
600693
600702
600731
600740
600748
600758
600764
600768
600774
600796
600822
600838
600841
600844
600851
600857
600872
600882
600891
600967
600973
600976
600984
601111
601169
601199
601222
601789
601888
601965
603002
603126
603399
603555
2015-03-05 09:32:33
000004
000011
000016
000024
000037
000056
000090
000153
000155
000404
000509
000576
000590
000606
000655
000672
000673
000679
000688
000695
000731
000736
000767
000816
000859
000909
000915
000927
000929
000936
000953
000963
002014
002020
002035
002049
002050
002063
002068
002074
002082
002102
002107
002109
002121
002125
002135
002192
002197
002199
002204
002215
002224
002239
002244
002258
002272
002280
002301
002309
002314
002318
002321
002326
002333
002358
002362
002366
002373
002382
002397
002402
002420
002445
002447
002461
002466
002468
002470
002510
002518
002522
002524
002543
002545
002567
002571
002572
002584
002590
002592
002605
002607
002639
002642
002666
002680
002681
002693
002702
002725
002729
300006
300028
300037
300050
300051
300052
300055
300057
300068
300070
300083
300085
300094
300100
300116
300127
300132
300142
300143
300145
300146
300162
300180
300191
300198
300203
300207
300221
300229
300237
300242
300246
300255
300286
300296
300297
300305
300318
300320
300325
300331
300335
300358
300368
300386
600009
600053
600078
600082
600099
600101
600106
600107
600117
600136
600145
600191
600193
600206
600216
600225
600234
600247
600257
600262
600278
600305
600306
600312
600319
600328
600353
600361
600363
600369
600371
600383
600387
600400
600488
600540
600549
600556
600563
600573
600581
600615
600618
600652
600675
600681
600684
600692
600698
600702
600707
600734
600764
600773
600774
600796
600810
600815
600823
600850
600857
600869
600872
600884
600889
600894
600961
600969
600984
600986
601007
601137
601169
601222
601666
601718
601799
601908
603002
603188
603555
2015-03-05 11:25:32
000023
000042
000043
000402
000617
000685
000736
000779
000785
000831
002047
002054
002075
002124
002178
002195
002273
002348
002380
002432
002434
002519
002522
002530
002576
002618
002621
002642
002654
002718
300007
300011
300012
300020
300064
300089
300090
300145
300162
300196
300212
300229
300242
300255
300300
300302
300305
300306
300324
300327
300367
300368
300380
300381
600167
600265
600283
600312
600356
600367
600376
600385
600485
600562
600681
600734
600758
600763
600764
600773
600774
600802
600984
601218
601908
603306
