2015-03-08 11:58:03
000012
000030
000045
000420
000555
000558
000576
000620
000655
000669
000695
000702
000786
000801
000820
000988
002035
002117
002164
002192
002263
002281
002293
002318
002364
002404
002419
002519
002571
002572
002592
002614
002632
002687
002709
300007
300015
300016
300087
300100
300121
300140
300153
300163
300183
300230
300326
300341
300342
300380
600136
600178
600193
600289
600400
600418
600530
600540
600563
600570
600610
600615
600621
600655
600681
600684
600686
600753
600768
600769
600825
600845
600850
600961
601789
603288
603555
2015-03-08 21:45:12
000012
000030
000045
000420
000555
000558
000576
000620
000655
000669
000695
000702
000786
000801
000820
000988
002035
002117
002164
002192
002263
002281
002293
002318
002364
002404
002419
002519
002571
002572
002592
002614
002632
002687
002709
300007
300015
300016
300087
300100
300121
300140
300153
300163
300183
300230
300326
300341
300342
300380
600136
600178
600193
600289
600400
600418
600530
600540
600563
600570
600610
600615
600621
600655
600681
600684
600686
600753
600768
600769
600825
600845
600850
600961
601789
603288
603555
2015-03-09 09:20:52
2015-03-09 09:21:22
2015-03-09 09:21:52
2015-03-09 09:22:22
2015-03-09 09:22:53
2015-03-09 09:27:53
2015-03-09 09:32:53
2015-03-09 09:37:54
