2015-03-09 22:29:33
2015-03-10 09:25:30
000008
000014
000016
000018
000019
000026
000028
000030
000032
000038
000042
000050
000090
000151
000155
000156
000408
000409
000420
000428
000504
000517
000530
000548
000552
000553
000557
000560
000566
000576
000586
000589
000590
000603
000606
000610
000626
000635
000650
000656
000661
000662
000669
000672
000673
000678
000691
000700
000716
000727
000737
000752
000757
000791
000797
000798
000801
000802
000810
000820
000826
000838
000859
000861
000880
000887
000888
000892
000902
000903
000905
000908
000909
000910
000929
000952
000972
000977
001896
002009
002014
002019
002026
002035
002039
002040
002041
002045
002049
002050
002051
002053
002058
002061
002062
002072
002074
002080
002088
002093
002099
002101
002103
002105
002111
002121
002127
002128
002129
002132
002134
002137
002141
002145
002149
002151
002156
002161
002165
002172
002178
002179
002196
002201
002205
002210
002214
002215
002220
002224
002231
002234
002238
002239
002253
002258
002262
002265
002267
002280
002290
002292
002293
002294
002295
002301
002309
002315
002323
002324
002328
002330
002338
002339
002342
002345
002346
002348
002352
002358
002363
002367
002368
002371
002377
002378
002380
002382
002383
002400
002402
002407
002410
002419
002424
002427
002431
002434
002435
002436
002443
002450
002451
002454
002458
002461
002462
002468
002472
002479
002480
002488
002498
002502
002515
002526
002531
002533
002551
002552
002556
002561
002568
002576
002579
002582
002591
002593
002607
002609
002610
002612
002618
002624
002631
002635
002641
002654
002665
002669
002671
002681
002682
002701
002702
002727
002729
300006
300014
300023
300029
300038
300041
300042
300050
300053
300064
300065
300070
300072
300083
300087
300088
300090
300091
300100
300105
300109
300116
300118
300121
300138
300139
300145
300147
300148
300150
300151
300153
300156
300157
300160
300177
300178
300179
300182
300188
300189
300206
300207
300210
300211
300212
300236
300254
300262
300264
300277
300290
300291
300295
300301
300302
300303
300304
300305
300306
300308
300309
300324
300328
300335
300338
300341
300350
300355
300356
300358
300359
300369
300380
300384
600053
600080
600082
600084
600094
600097
600145
600161
600173
600184
600193
600201
600206
600209
600213
600228
600231
600247
600248
600257
600268
600299
600302
600313
600333
600340
600355
600360
600363
600365
600370
600391
600393
600397
600467
600478
600485
600490
600500
600540
600556
600560
600561
600562
600573
600592
600594
600603
600614
600621
600640
600686
600689
600696
600702
600730
600733
600735
600753
600763
600765
600768
600770
600775
600800
600841
600864
600869
600876
600882
600885
600892
600894
600895
600960
600973
600995
601003
601007
601028
601113
601218
601789
601888
603006
603111
603188
603333
603399
603609
2015-03-10 09:26:01
000014
000016
000030
000032
000038
000042
000050
000090
000155
000156
000420
000428
000504
000517
000552
000553
000557
000566
000576
000586
000589
000590
000606
000610
000626
000635
000661
000662
000669
000672
000673
000678
000691
000700
000716
000727
000757
000826
000838
000859
000861
000880
000887
000902
000905
000908
000909
000910
000929
000952
000972
000977
001896
002009
002014
002019
002026
002035
002040
002041
002049
002050
002051
002053
002058
002061
002074
002080
002101
002103
002105
002121
002127
002128
002129
002132
002141
002145
002149
002151
002161
002165
002178
002179
002196
002201
002205
002210
002214
002220
002224
002234
002238
002239
002258
002262
002265
002267
002292
002294
002295
002301
002309
002323
002324
002330
002338
002342
002346
002348
002358
002363
002367
002378
002380
002382
002400
002402
002407
002424
002427
002431
002434
002435
002436
002450
002451
002454
002461
002462
002468
002472
002480
002488
002502
002515
002526
002531
002551
002552
002556
002561
002568
002576
002579
002582
002593
002607
002609
002610
002612
002618
002624
002631
002635
002641
002654
002665
002671
002681
002682
002701
002702
002727
002729
300006
300014
300023
300041
300042
300050
300064
300065
300070
300072
300083
300087
300088
300090
300100
300105
300109
300116
300118
300138
300139
300145
300148
300150
300151
300156
300157
300160
300177
300178
300179
300182
300188
300206
300207
300210
300211
300212
300236
300254
300264
300277
300290
300291
300295
300301
300302
300303
300304
300305
300306
300308
300309
300328
300335
300338
300341
300350
300355
300356
300358
300359
300380
300384
600053
600080
600082
600094
600097
600145
600161
600173
600184
600193
600201
600206
600209
600213
600228
600247
600248
600257
600268
600299
600302
600313
600333
600340
600355
600360
600363
600365
600370
600391
600397
600467
600478
600485
600490
600500
600540
600556
600560
600561
600562
600573
600592
600594
600603
600614
600621
600640
600686
600689
600696
600702
600730
600733
600735
600753
600763
600765
600768
600770
600775
600800
600841
600864
600869
600876
600882
600885
600892
600894
600895
600960
600973
600995
601003
601007
601028
601113
601218
601789
601888
603006
603111
603188
603333
603399
603609
2015-03-10 09:26:31
000014
000016
000030
000032
000038
000042
000050
000090
000155
000156
000420
000428
000504
000517
000552
000553
000557
000566
000576
000586
000589
000590
000606
000610
000626
000635
000661
000662
000669
000672
000673
000678
000691
000700
000716
000727
000757
000826
000838
000859
000861
000880
000887
000902
000905
000908
000909
000910
000929
000952
000972
000977
001896
002009
002014
002019
002026
002035
002040
002041
002049
002050
002051
002053
002058
002061
002074
002080
002101
002103
002105
002121
002127
002128
002129
002132
002141
002145
002149
002151
002161
002165
002178
002179
002196
002201
002205
002210
002214
002220
002224
002234
002238
002239
002258
002262
002265
002267
002292
002294
002295
002301
002309
002323
002324
002330
002338
002342
002346
002348
002358
002363
002367
002378
002380
002382
002400
002402
002407
002424
002427
002431
002434
002435
002436
002450
002451
002454
002461
002462
002468
002472
002480
002488
002502
002515
002526
002531
002551
002552
002556
002561
002568
002576
002579
002582
002593
002607
002609
002610
002612
002618
002624
002631
002635
002641
002654
002665
002671
002681
002682
002701
002702
002727
002729
300006
300014
300023
300041
300042
300050
300064
300065
300070
300072
300083
300087
300088
300090
300100
300105
300109
300116
300118
300138
300139
300145
300148
300150
300151
300156
300157
300160
300177
300178
300179
300182
300188
300206
300207
300210
300211
300212
300236
300254
300264
300277
300290
300291
300295
300301
300302
300303
300304
300305
300306
300308
300309
300328
300335
300338
300341
300350
300355
300356
300358
300359
300380
300384
600053
600080
600082
600094
600097
600145
600161
600173
600184
600193
600201
600206
600209
600213
600228
600247
600248
600257
600268
600299
600302
600313
600333
600340
600355
600360
600363
600365
600370
600391
600397
600467
600478
600485
600490
600500
600540
600556
600560
600561
600562
600573
600592
600594
600603
600614
600621
600640
600686
600689
600696
600702
600730
600733
600735
600753
600763
600765
600768
600770
600775
600800
600841
600864
600869
600876
600882
600885
600892
600894
600895
600960
600973
600995
601003
601007
601028
601113
601218
601789
601888
603006
603111
603188
603333
603399
603609
2015-03-10 09:27:01
000014
000016
000030
000032
000038
000042
000050
000090
000155
000156
000420
000428
000504
000517
000552
000553
000557
000566
000576
000586
000589
000590
000606
000610
000626
000635
000661
000662
000669
000672
000673
000678
000691
000700
000716
000727
000757
000826
000838
000859
000861
000880
000887
000902
000905
000908
000909
000910
000929
000952
000972
000977
001896
002009
002014
002019
002026
002035
002040
002041
002049
002050
002051
002053
002058
002061
002074
002080
002101
002103
002105
002121
002127
002128
002129
002132
002141
002145
002149
002151
002161
002165
002178
002179
002196
002201
002205
002210
002214
002220
002224
002234
002238
002239
002258
002262
002265
002267
002292
002294
002295
002301
002309
002323
002324
002330
002338
002342
002346
002348
002358
002363
002367
002378
002380
002382
002400
002402
002407
002424
002427
002431
002434
002435
002436
002450
002451
002454
002461
002462
002468
002472
002480
002488
002502
002515
002526
002531
002551
002552
002556
002561
002568
002576
002579
002582
002593
002607
002609
002610
002612
002618
002624
002631
002635
002641
002654
002665
002671
002681
002682
002701
002702
002727
002729
300006
300014
300023
300041
300042
300050
300064
300065
300070
300072
300083
300087
300088
300090
300100
300105
300109
300116
300118
300138
300139
300145
300148
300150
300151
300156
300157
300160
300177
300178
300179
300182
300188
300206
300207
300210
300211
300212
300236
300254
300264
300277
300290
300291
300295
300301
300302
300303
300304
300305
300306
300308
300309
300328
300335
300338
300341
300350
300355
300356
300358
300359
300380
300384
600053
600080
600082
600094
600097
600145
600161
600173
600184
600193
600201
600206
600209
600213
600228
600247
600248
600257
600268
600299
600302
600313
600333
600340
600355
600360
600363
600365
600370
600391
600397
600467
600478
600485
600490
600500
600540
600556
600560
600561
600562
600573
600592
600594
600603
600614
600621
600640
600686
600689
600696
600702
600730
600733
600735
600753
600763
600765
600768
600770
600775
600800
600841
600864
600869
600876
600882
600885
600892
600894
600895
600960
600973
600995
601003
601007
601028
601113
601218
601789
601888
603006
603111
603188
603333
603399
603609
2015-03-10 09:27:32
000014
000016
000030
000032
000038
000042
000050
000090
000155
000156
000420
000428
000504
000517
000552
000553
000557
000566
000576
000586
000589
000590
000606
000610
000626
000635
000661
000662
000669
000672
000673
000678
000691
000700
000716
000727
000757
000826
000838
000859
000861
000880
000887
000902
000905
000908
000909
000910
000929
000952
000972
000977
001896
002009
002014
002019
002026
002035
002040
002041
002049
002050
002051
002053
002058
002061
002074
002080
002101
002103
002105
002121
002127
002128
002129
002132
002141
002145
002149
002151
002161
002165
002178
002179
002196
002201
002205
002210
002214
002220
002224
002234
002238
002239
002258
002262
002265
002267
002292
002294
002295
002301
002309
002323
002324
002330
002338
002342
002346
002348
002358
002363
002367
002378
002380
002382
002400
002402
002407
002424
002427
002431
002434
002435
002436
002450
002451
002454
002461
002462
002468
002472
002480
002488
002502
002515
002526
002531
002551
002552
002556
002561
002568
002576
002579
002582
002593
002607
002609
002610
002612
002618
002624
002631
002635
002641
002654
002665
002671
002681
002682
002701
002702
002727
002729
300006
300014
300023
300041
300042
300050
300064
300065
300070
300072
300083
300087
300088
300090
300100
300105
300109
300116
300118
300138
300139
300145
300148
300150
300151
300156
300157
300160
300177
300178
300179
300182
300188
300206
300207
300210
300211
300212
300236
300254
300264
300277
300290
300291
300295
300301
300302
300303
300304
300305
300306
300308
300309
300328
300335
300338
300341
300350
300355
300356
300358
300359
300380
300384
600053
600080
600082
600094
600097
600145
600161
600173
600184
600193
600201
600206
600209
600213
600228
600247
600248
600257
600268
600299
600302
600313
600333
600340
600355
600360
600363
600365
600370
600391
600397
600467
600478
600485
600490
600500
600540
600556
600560
600561
600562
600573
600592
600594
600603
600614
600621
600640
600686
600689
600696
600702
600730
600733
600735
600753
600763
600765
600768
600770
600775
600800
600841
600864
600869
600876
600882
600885
600892
600894
600895
600960
600973
600995
601003
601007
601028
601113
601218
601789
601888
603006
603111
603188
603333
603399
603609
